artifact_key=2.000MHz_96ch_10.00mm
backend=kwavers-transducer
lanes=96
channels_per_tile=24
aperture_m=2.723333333333e-2
pitch_m=2.866666666666e-4
frequency_hz=2.000000000000e6
focal_m=1.000000000000e-2
focal_pressure_pa=1.102724621780e7
article_pressure_anchor_pa_per_a=9.375000000000e6
mechanical_index=7.797440578423e0
isppa_w_cm2=4.108113484733e3
lateral_extent_6db_mm=4.999044459834e-1
axial_extent_6db_mm=2.073894107365e0
grating_lobe_free=true
in_far_field=false
all_checks_pass=true
check_0_name=focal pressure ≥ kwavers pre-step floor
check_0_value=1.102724621780e7
check_0_limit=1.000000000000e6
check_0_margin=1.002724621780e7
check_0_pass=true
check_1_name=mechanical index < cavitation ceiling
check_1_value=7.797440578423e0
check_1_limit=1.250000000000e1
check_1_margin=4.702559421577e0
check_1_pass=true
check_2_name=grating-lobe-free steer ≥ 89°
check_2_value=1.000000000000e0
check_2_limit=1.000000000000e0
check_2_margin=0.000000000000e0
check_2_pass=true
check_3_name=resistor margin (per-tile min) ≥ 0 W
check_3_value=5.726562500000e-1
check_3_limit=5.000000000000e-2
check_3_margin=5.226562500000e-1
check_3_pass=true
