format=kicad-routing-driver-manifest-v2
hv_board=hv7355_shield_stack.kicad_pcb
tx_connector=J2
tx_nets=TX_0,TX_1,TX_2,TX_3,TX_4,TX_5,TX_6,TX_7,TX_8,TX_9,TX_10,TX_11,TX_12,TX_13,TX_14,TX_15,TX_16,TX_17,TX_18,TX_19,TX_20,TX_21,TX_22,TX_23,TX_24,TX_25,TX_26,TX_27,TX_28,TX_29,TX_30,TX_31,TX_32,TX_33,TX_34,TX_35,TX_36,TX_37,TX_38,TX_39,TX_40,TX_41,TX_42,TX_43,TX_44,TX_45,TX_46,TX_47,TX_48,TX_49,TX_50,TX_51,TX_52,TX_53,TX_54,TX_55,TX_56,TX_57,TX_58,TX_59,TX_60,TX_61,TX_62,TX_63,TX_64,TX_65,TX_66,TX_67,TX_68,TX_69,TX_70,TX_71,TX_72,TX_73,TX_74,TX_75,TX_76,TX_77,TX_78,TX_79,TX_80,TX_81,TX_82,TX_83,TX_84,TX_85,TX_86,TX_87,TX_88,TX_89,TX_90,TX_91,TX_92,TX_93,TX_94,TX_95
programming=fpga:JTAG=TCK,TMS,TDI,TDO; stack-bus=4-tile-shield
aperture_m=2.723333333333e-2
frequency_hz=2.000000000000e6
sound_speed_m_s=1.540000000000e3
focal_m=1.000000000000e-2
timing_step_s=5.000000000000e-9
stim_tile_0_prf_hz=1.000000000000e3
stim_tile_0_shift_s=0.000000000000e0
stim_tile_0_phase_deg=0.000000000000e0
stim_tile_0_ramp_s=2.500000000000e-5
stim_tile_0_tbd_s=5.000000000000e-4
stim_tile_0_sd_s=3.000000000000e-1
stim_tile_0_isi_s=3.000000000000e0
stim_tile_0_tt_s=1.800000000000e1
stim_tile_0_vpp_v=1.500000000000e2
stim_tile_0_dead_time_s=5.000000000000e-4
stim_tile_1_prf_hz=1.150000000000e3
stim_tile_1_shift_s=2.500000000000e-1
stim_tile_1_phase_deg=9.000000000000e1
stim_tile_1_ramp_s=3.000000000000e-5
stim_tile_1_tbd_s=5.000000000000e-4
stim_tile_1_sd_s=3.000000000000e-1
stim_tile_1_isi_s=3.000000000000e0
stim_tile_1_tt_s=1.800000000000e1
stim_tile_1_vpp_v=1.500000000000e2
stim_tile_1_dead_time_s=5.000000000000e-4
stim_tile_2_prf_hz=1.300000000000e3
stim_tile_2_shift_s=5.000000000000e-1
stim_tile_2_phase_deg=1.800000000000e2
stim_tile_2_ramp_s=3.500000000000e-5
stim_tile_2_tbd_s=5.000000000000e-4
stim_tile_2_sd_s=3.000000000000e-1
stim_tile_2_isi_s=3.000000000000e0
stim_tile_2_tt_s=1.800000000000e1
stim_tile_2_vpp_v=1.500000000000e2
stim_tile_2_dead_time_s=5.000000000000e-4
stim_tile_3_prf_hz=1.450000000000e3
stim_tile_3_shift_s=7.500000000000e-1
stim_tile_3_phase_deg=2.700000000000e2
stim_tile_3_ramp_s=4.000000000000e-5
stim_tile_3_tbd_s=5.000000000000e-4
stim_tile_3_sd_s=3.000000000000e-1
stim_tile_3_isi_s=3.000000000000e0
stim_tile_3_tt_s=1.800000000000e1
stim_tile_3_vpp_v=1.500000000000e2
stim_tile_3_dead_time_s=5.000000000000e-4
